15 0.867768 0.0010543 0.0306277 0.00157717 0.3175 0.00122145 0.276283 0.00136574 1 0 5526
30 0.352555 0.00181003 0.242483 0.00173146 0.509487 0.00188575 0.377531 0.00194575 1 0 5919
45 0.443749 0.00136288 0.385277 0.00316577 0.249363 0.00163146 0.209481 0.00134145 1 0 7016
60 0.0222575 0.000957159 0.534939 0.00136002 0.67033 0.00101573 0.103656 0.000835729 1 0 5514
75 0.467604 0.00105573 0.214369 0.00132431 0.49102 0.000885729 0.272539 0.00163717 1 0 5584
90 0.30996 0.00108288 0.185767 0.00178432 0.230144 0.00163431 0.50708 0.00174574 1 0 5555
105 0.204031 0.00137145 0.252796 0.00101145 0.194938 0.00157003 0.412944 0.000927159 1 0 5646
120 0.162523 0.00108288 0.680765 0.00159288 0.275786 0.0014186 0.229694 0.00174574 1 0 7491
135 0.483914 0.00131002 0.284301 0.0011243 0.424063 0.0015886 0.208186 0.00098716 1 0 5589
150 0.284911 0.00172003 0.310277 0.00207861 0.1588 0.00160288 0.125905 0.00211718 1 0 5663
165 0.403828 0.00206146 0.540648 0.00207146 0.165837 0.00218289 0.141424 0.00180432 1 0 5570
180 0.188463 0.00104288 0.246674 0.0010843 0.112592 0.00114288 0.272489 0.00107288 1 0 5725
195 0.262013 0.00259433 0.133738 0.00313863 0.260526 0.00183575 0.212295 0.00207004 1 0 5697
210 0.217427 0.00185432 0.363571 0.00224718 0.562994 0.00228004 0.218699 0.0016486 1 0 5621
225 0.537076 0.0015086 0.323461 0.000918587 0.278256 0.00103859 0.275176 0.00142431 1 0 5541
240 0.245243 0.00155717 0.396995 0.00137574 0.515863 0.00204146 0.277205 0.00177574 1 0 5585
255 0.288911 0.000964302 0.193615 0.00076287 0.120682 0.00121716 0.202071 0.000885729 1 0 5697
270 0.0777856 0.00111145 0.385521 0.00163431 0.16678 0.00207718 0.17556 0.00209718 1 0 5692
285 0.41752 0.00256862 0.267285 0.00149431 0.298709 0.00188718 0.310445 0.00269005 1 0 5606
300 0.135184 0.00168146 0.478641 0.00188575 0.40602 0.00183003 0.378355 0.0018786 1 0 5520
315 0.249161 0.00139431 0.266012 0.00172289 0.33999 0.00110716 0.390064 0.00111716 1 0 5613
330 0.223278 0.0017286 0.557848 0.00196146 0.109916 0.00173003 0.525278 0.00185575 1 0 5555
345 0.43847 0.00124716 0.528763 0.00149003 0.384949 0.00131288 0.152805 0.000874301 1 0 5494
360 0.209184 0.0015586 0.422207 0.00168717 0.285086 0.00160288 0.400061 0.00235575 1 0 5557
375 0.254624 0.00148145 0.684776 0.00154717 0.23667 0.00196146 0.08618 0.00158431 1 0 5574
390 0.410186 0.00126716 0.238342 0.00169717 0.448156 0.00109573 0.306222 0.00213861 1 0 7258
405 0.211275 0.00179289 0.23557 0.00192575 0.0758799 0.00208718 0.343182 0.00223575 1 0 5697
420 0.670744 0.00222432 0.42763 0.00155146 0.18539 0.00247719 0.158948 0.00199432 1 0 5840
435 0.262057 0.0016986 0.201963 0.00158431 0.238492 0.00190396 0.60192 0.00459544 1 0 5575
450 0.0451536 0.00170574 0.237391 0.00124288 0.210927 0.00116038 0.471632 0.00129859 1 0 5660
465 0.08428 0.00165289 0.435123 0.00232433 0.186593 0.00171717 0.245698 0.00170431 1 0 6083
480 0.270205 0.00115288 0.446023 0.00115859 0.0976631 0.00107288 0.221402 0.000734298 1 0 5634
495 0.502316 0.00100002 0.223167 0.00098716 0.249584 0.00103287 0.547502 0.000868586 1 0 5591
510 0.209095 0.00207575 0.134491 0.00201718 0.277509 0.00184146 0.288189 0.00232433 1 0 5700
525 0.340212 0.00192718 0.721798 0.00210861 0.180035 0.00131859 0.196381 0.00185146 1 0 5550
540 0.479887 0.00113431 0.245203 0.0015986 0.300081 0.00129145 0.32553 0.000991446 1 0 5531
555 0.0929445 0.00181575 0.435396 0.00204146 0.600562 0.00182717 0.32451 0.00199718 1 0 5483
570 0.410807 0.00209004 0.289371 0.00160003 0.479494 0.00252147 0.278083 0.00149003 1 0 6585
585 0.267782 0.00192432 0.419601 0.00192718 0.218774 0.00175574 0.56146 0.00159574 1 0 5555
600 0.394322 0.00219147 0.270143 0.00208432 0.309912 0.00176003 0.340757 0.00213147 1 0 5511
